img_0.jpg
438 250 359 158
282 632 33 39
img_1.jpg
258 177 369 391
912 264 185 209
img_10.jpg
615 338 140 145
301 181 168 140
982 260 56 94
img_11.jpg
268 133 45 117
401 46 60 63
401 46 58 67
636 68 16 20
324 199 53 32
288 0 59 69
img_116.jpg
634 280 198 93
765 458 507 231
img_117.jpg
528 187 22 28
142 178 31 90
645 232 103 88
812 229 309 250
img_118.jpg
90 218 53 21
374 159 76 20
409 179 40 49
543 180 230 116
459 208 37 20
img_119.jpg
99 215 324 139
380 145 70 78
462 113 444 129
462 113 442 122
img_12.jpg
660 75 111 42
619 138 49 17
517 167 20 24
427 174 35 18
286 154 35 32
273 216 41 31
49 215 22 17
246 211 20 19
435 200 42 23
704 132 40 20
468 173 28 13
img_120.jpg
31 113 344 193
64 295 131 43
397 153 126 120
490 334 31 32
750 116 341 108
1131 120 142 127
607 258 666 133
img_123.jpg
102 117 220 79
340 117 51 96
391 119 77 115
482 106 513 141
1038 128 235 182
1036 317 235 57
1081 371 103 50
img_124.jpg
611 137 66 122
675 114 313 129
40 102 369 118
img_13.jpg
2 126 176 162
310 563 127 126
125 418 122 88
img_14.jpg
690 52 103 74
700 125 57 22
756 122 30 12
614 137 43 13
img_3.jpg
750 168 86 85
863 34 410 836
189 2 77 208
299 350 27 30
img_4.jpg
597 133 80 35
726 82 58 30
521 160 36 18
415 177 28 14
454 175 23 10
305 210 18 16
img_5.jpg
272 32 190 155
332 223 144 157
340 395 135 162
494 533 94 108
480 1 140 929
646 0 146 766
872 341 58 129
869 158 25 38
img_6.jpg
358 481 172 79
869 534 170 78
185 185 515 294
718 83 554 454
img_7.jpg
244 86 249 179
328 306 180 171
335 497 170 166
521 1 148 929
532 646 109 127
742 3 157 885
994 404 70 145
img_8.jpg
346 32 366 314
17 23 101 148
145 35 199 188
168 248 68 128
232 257 46 146
281 282 55 158
105 24 56 152
img_9.jpg
972 219 179 78
369 299 170 109
img_121.jpg
124 94 171 142
305 82 173 148
370 349 15 20
80 377 34 74
img_122.jpg
183 438 39 39
572 349 363 107
570 343 362 112
914 385 125 61
914 385 131 61
1187 287 86 29
61 507 249 36
54 236 258 58
0 163 350 425
img_15.jpg
771 198 502 70
289 357 348 170
0 438 276 186
img_2.jpg
581 156 326 160
951 161 191 188
177 142 105 46
30 109 39 96
35 249 37 57
78 208 143 104
214 243 374 92
img_107.jpg
481 57 75 286
738 127 83 53
730 189 97 33
860 480 57 52
1021 416 32 45
1081 407 36 75
462 597 22 37
586 266 417 574
img_108.jpg
473 130 781 219
509 304 63 40
777 331 181 56
1152 366 114 52
338 223 109 30
img_109.jpg
43 126 60 91
105 108 359 119
523 162 83 38
416 277 239 99
763 224 167 49
999 223 183 63
img_110.jpg
229 348 76 47
482 455 30 28
967 413 36 37
1148 336 117 54
963 436 309 259
963 436 309 228
img_111.jpg
657 119 57 60
552 188 36 21
578 182 88 58
446 203 68 39
103 211 33 31
124 231 58 20
406 187 28 26
img_112.jpg
327 675 62 65
308 656 119 104
601 0 227 99
601 0 229 74
562 63 96 55
img_113.jpg
233 57 103 85
338 46 100 91
146 227 50 139
484 355 63 92
484 355 62 95
522 117 96 98
img_114.jpg
29 108 184 59
234 107 260 62
33 166 388 322
460 200 362 400
460 200 339 419
img_115.jpg
788 210 484 420
img_16.jpg
198 154 77 8
206 173 36 28
487 10 128 25
491 38 127 65
391 210 53 37
391 210 46 34
445 202 29 25
636 61 157 116
img_17.jpg
314 88 84 27
566 88 106 218
532 313 31 81
4 2 549 117
img_18.jpg
217 215 61 40
284 9 97 23
287 34 110 70
557 155 45 17
446 179 16 28
img_19.jpg
680 190 94 109
627 0 156 930
782 33 488 895
img_20.jpg
718 94 58 95
663 1 49 228
201 219 69 35
0 0 675 159
0 0 673 176
img_21.jpg
1 1 792 187
199 218 68 39
433 167 38 18
650 184 91 11
726 134 66 31
img_23.jpg
182 116 41 35
182 147 73 62
0 2 558 82
573 1 698 273
551 368 219 82
332 405 739 259
332 405 752 187
2 615 1270 313
img_28.jpg
430 455 57 70
955 327 316 87
img_29.jpg
483 349 195 154
844 342 208 122
924 233 86 93
img_31.jpg
235 136 183 103
234 271 154 156
376 611 216 319
992 146 29 47
1064 197 15 53
73 0 187 930
img_22.jpg
664 560 236 88
0 396 182 177
1051 62 222 379
967 558 305 107
img_26.jpg
699 135 75 68
699 135 76 81
789 109 483 119
110 192 986 496
1139 363 133 325
img_27.jpg
454 369 183 169
829 282 68 90
829 282 85 87
959 173 248 123
img_30.jpg
912 216 359 276
872 115 325 49
872 115 340 72
